0.467233
0.4884
0.50715
0.516208
0.53425
0.541083
0.548742
0.554692
0.56335
0.56695
0.572075
0.57595
0.581683
0.581258
0.586458
0.585583
0.587333
0.588991
0.588883
0.593983
0.594758
0.598833
0.604825
0.6088
0.60745
0.612725
0.61725
0.618833
0.628083
0.630575
0.634884
0.640258
0.64745
0.649925
0.65475
0.660158
0.660425
0.663108
0.667275
0.666725
0.669708
0.677358
0.68245
0.684149
0.686199
0.688474
0.688999
0.691474
0.690124
0.687299
0.689924
0.689799
0.692249
0.690424
0.691424
